5 1000 16 4
0 0 0
0 1 259
1 0 259
0 2 141
2 0 141
0 3 246
3 0 246
0 4 172
4 0 172
0 5 244
5 0 244
0 6 99
6 0 99
0 7 219
7 0 219
0 8 504
8 0 504
0 9 96
9 0 96
0 10 387
10 0 387
0 11 246
11 0 246
0 12 262
12 0 262
0 13 125
13 0 125
0 14 121
14 0 121
0 15 224
15 0 224
1 1 0
1 2 286
2 1 286
1 3 73
3 1 73
1 4 142
4 1 142
1 5 341
5 1 341
1 6 249
6 1 249
1 7 477
7 1 477
1 8 360
8 1 360
1 9 178
9 1 178
1 10 421
10 1 421
1 11 73
11 1 73
1 12 185
12 1 185
1 13 328
13 1 328
1 14 177
14 1 177
1 15 443
15 1 443
2 2 0
2 3 238
3 2 238
2 4 268
4 2 268
2 5 384
5 2 384
2 6 49
6 2 49
2 7 253
7 2 253
2 8 603
8 2 603
2 9 124
9 2 124
2 10 525
10 2 525
2 11 238
11 2 238
2 12 366
12 2 366
2 13 62
13 2 62
2 14 110
14 2 110
2 15 163
15 2 163
3 3 0
3 4 182
4 3 182
3 5 381
5 3 381
3 6 210
6 3 210
3 7 456
7 3 456
3 8 433
8 3 433
3 9 152
9 3 152
3 10 477
10 3 477
3 11 0
11 3 0
3 12 247
12 3 247
3 13 288
13 3 288
3 14 139
14 3 139
3 15 400
15 3 400
4 4 0
4 5 200
5 4 200
4 6 219
6 4 219
4 7 384
7 4 384
4 8 337
8 4 337
4 9 145
9 4 145
4 10 299
10 4 299
4 11 182
11 4 182
4 12 98
12 4 98
4 13 283
13 4 283
4 14 169
14 4 169
4 15 393
15 4 393
5 5 0
5 6 338
6 5 338
5 7 360
7 5 360
5 8 364
8 5 364
5 9 294
9 5 294
5 10 148
10 5 148
5 11 381
11 5 381
5 12 190
12 5 190
5 13 365
13 5 365
5 14 325
14 5 325
5 15 443
15 5 443
6 6 0
6 7 254
7 6 254
6 8 555
8 6 555
6 9 78
9 6 78
6 10 477
10 6 477
6 11 210
11 6 210
6 12 317
12 6 317
6 13 78
13 6 78
6 14 72
14 6 72
6 15 193
15 6 193
7 7 0
7 8 695
8 7 695
7 9 304
9 7 304
7 10 503
10 7 503
7 11 456
11 7 456
7 12 461
12 7 461
7 13 190
13 7 190
7 14 317
14 7 317
7 15 151
15 7 151
8 8 0
8 9 479
9 8 479
8 10 295
10 8 295
8 11 433
11 8 433
8 12 241
12 8 241
8 13 620
13 8 620
8 14 497
14 8 497
8 15 728
15 8 728
9 9 0
9 10 423
10 9 423
9 11 152
11 9 152
9 12 243
12 9 243
9 13 152
13 9 152
9 14 31
14 9 31
9 15 267
15 9 267
10 10 0
10 11 477
11 10 477
10 12 237
12 10 237
10 13 511
13 10 511
10 14 453
14 10 453
10 15 591
15 10 591
11 11 0
11 12 247
12 11 247
11 13 288
13 11 288
11 14 139
14 11 139
11 15 400
15 11 400
12 12 0
12 13 379
13 12 379
12 14 266
14 12 266
12 15 486
15 12 486
13 13 0
13 14 150
14 13 150
13 15 115
15 13 115
14 14 0
14 15 265
15 14 265
15 15 0
