1 1000 16 4
0 0 0
0 1 332
1 0 332
0 2 189
2 0 189
0 3 352
3 0 352
0 4 174
4 0 174
0 5 318
5 0 318
0 6 143
6 0 143
0 7 256
7 0 256
0 8 497
8 0 497
0 9 142
9 0 142
0 10 484
10 0 484
0 11 352
11 0 352
0 12 258
12 0 258
0 13 139
13 0 139
0 14 184
14 0 184
0 15 223
15 0 223
1 1 0
1 2 295
2 1 295
1 3 84
3 1 84
1 4 225
4 1 225
1 5 543
5 1 543
1 6 268
6 1 268
1 7 586
7 1 586
1 8 427
8 1 427
1 9 205
9 1 205
1 10 664
10 1 664
1 11 84
11 1 84
1 12 283
12 1 283
1 13 356
13 1 356
1 14 189
14 1 189
1 15 474
15 1 474
2 2 0
2 3 266
3 2 266
2 4 281
4 2 281
2 5 508
5 2 508
2 6 54
6 2 54
2 7 363
7 2 363
2 8 614
8 2 614
2 9 125
9 2 125
2 10 671
10 2 671
2 11 266
11 2 266
2 12 385
12 2 385
2 13 89
13 2 89
2 14 110
14 2 110
2 15 189
15 2 189
3 3 0
3 4 283
4 3 283
3 5 600
5 3 600
3 6 255
6 3 255
3 7 596
7 3 596
3 8 511
8 3 511
3 9 211
9 3 211
3 10 731
10 3 731
3 11 0
11 3 0
3 12 356
12 3 356
3 13 341
13 3 341
3 14 178
14 3 178
3 15 454
15 3 454
4 4 0
4 5 318
5 4 318
4 6 227
6 4 227
4 7 417
7 4 417
4 8 337
8 4 337
4 9 159
9 4 159
4 10 450
10 4 450
4 11 283
11 4 283
4 12 104
12 4 104
4 13 280
13 4 280
4 14 197
14 4 197
4 15 388
15 4 388
5 5 0
5 6 458
6 5 458
5 7 359
7 5 359
5 8 409
8 5 409
5 9 430
9 5 430
5 10 169
10 5 169
5 11 600
11 5 600
5 12 282
12 5 282
5 13 450
13 5 450
5 14 476
14 5 476
5 15 494
15 5 494
6 6 0
6 7 347
7 6 347
6 8 562
8 6 562
6 9 77
9 6 77
6 10 620
10 6 620
6 11 255
11 6 255
6 12 331
12 6 331
6 13 87
13 6 87
6 14 79
14 6 79
6 15 205
15 6 205
7 7 0
7 8 694
8 7 694
7 9 386
9 7 386
7 10 516
10 7 516
7 11 596
11 7 596
7 12 474
12 7 474
7 13 274
13 7 274
7 14 418
14 7 418
7 15 220
15 7 220
8 8 0
8 9 489
9 8 489
8 10 410
10 8 410
8 11 511
11 8 511
8 12 238
12 8 238
8 13 617
13 8 617
8 14 517
14 8 517
8 15 719
15 8 719
9 9 0
9 10 583
10 9 583
9 11 211
11 9 211
9 12 264
12 9 264
9 13 156
13 9 156
9 14 46
14 9 46
9 15 275
15 9 275
10 10 0
10 11 731
11 10 731
10 12 382
12 10 382
10 13 619
13 10 619
10 14 628
14 10 628
10 15 664
15 10 664
11 11 0
11 12 356
12 11 356
11 13 341
13 11 341
11 14 178
14 11 178
11 15 454
15 11 454
12 12 0
12 13 380
13 12 380
12 14 300
14 12 300
12 15 481
15 12 481
13 13 0
13 14 167
14 13 167
13 15 119
15 13 119
14 14 0
14 15 285
15 14 285
15 15 0
