2 300 16 4
0 0 0
0 1 399
1 0 399
0 2 113
2 0 113
0 3 125
3 0 125
0 4 436
4 0 436
0 5 232
5 0 232
0 6 329
6 0 329
0 7 287
7 0 287
0 8 51
8 0 51
0 9 168
9 0 168
0 10 225
10 0 225
0 11 277
11 0 277
0 12 441
12 0 441
0 13 405
13 0 405
0 14 40
14 0 40
0 15 301
15 0 301
1 1 0
1 2 293
2 1 293
1 3 463
3 1 463
1 4 564
4 1 564
1 5 180
5 1 180
1 6 406
6 1 406
1 7 642
7 1 642
1 8 400
8 1 400
1 9 253
9 1 253
1 10 342
10 1 342
1 11 676
11 1 676
1 12 127
12 1 127
1 13 679
13 1 679
1 14 359
14 1 359
1 15 312
15 1 312
2 2 0
2 3 177
3 2 177
2 4 405
4 2 405
2 5 147
5 2 147
2 6 339
6 2 339
2 7 358
7 2 358
2 8 136
8 2 136
2 9 55
9 2 55
2 10 157
10 2 157
2 11 386
11 2 386
2 12 327
12 2 327
2 13 434
13 2 434
2 14 80
14 2 80
2 15 281
15 2 281
3 3 0
3 4 331
4 3 331
3 5 323
5 3 323
3 6 455
6 3 455
3 7 181
7 3 181
3 8 174
8 3 174
3 9 210
9 3 210
3 10 183
10 3 183
3 11 254
11 3 254
3 12 473
12 3 473
3 13 280
13 3 280
3 14 151
14 3 151
3 15 423
15 3 423
4 4 0
4 5 522
5 4 522
4 6 743
6 4 743
4 7 351
7 4 351
4 8 487
8 4 487
4 9 386
9 4 386
4 10 253
10 4 253
4 11 537
11 4 537
4 12 493
12 4 493
4 13 222
13 4 222
4 14 441
14 4 441
4 15 685
15 4 685
5 5 0
5 6 269
6 5 269
5 7 504
7 5 504
5 8 224
8 5 224
5 9 138
9 5 138
5 10 269
10 5 269
5 11 506
11 5 506
5 12 264
12 5 264
5 13 579
13 5 579
5 14 192
14 5 192
5 15 184
15 5 184
6 6 0
6 7 602
7 6 602
6 8 281
8 6 281
6 9 370
9 6 370
6 10 496
10 6 496
6 11 506
11 6 506
6 12 519
12 6 519
6 13 735
13 6 735
6 14 309
14 6 309
6 15 93
15 6 93
7 7 0
7 8 325
8 7 325
7 9 389
9 7 389
7 10 330
10 7 330
7 11 201
11 7 201
7 12 640
12 7 640
7 13 180
13 7 180
7 14 322
14 7 322
7 15 587
15 7 587
8 8 0
8 9 192
9 8 192
8 10 269
10 8 269
8 11 284
11 8 284
8 12 456
12 8 456
8 13 453
13 8 453
8 14 58
14 8 58
8 15 262
15 8 262
9 9 0
9 10 132
10 9 132
9 11 436
11 9 436
9 12 274
12 9 274
9 13 445
13 9 445
9 14 136
14 9 136
9 15 301
15 9 301
10 10 0
10 11 437
11 10 437
10 12 314
12 10 314
10 13 337
13 10 337
10 14 213
14 10 213
10 15 433
15 10 433
11 11 0
11 12 711
12 11 711
11 13 381
13 11 381
11 14 316
14 11 316
11 15 523
15 11 523
12 12 0
12 13 643
13 12 643
12 14 405
14 12 405
12 15 427
15 12 427
13 13 0
13 14 430
14 13 430
13 15 702
15 13 702
14 14 0
14 15 272
15 14 272
15 15 0
